10 11 1
10 12 1
10 12 11
10 12 13
10 12 14
10 12 15
10 12 16
10 12 17
10 12 18
10 12 19
10 12 2
10 12 20
10 12 21
10 12 3
10 12 4
10 12 6
10 13 1
10 13 11
10 13 14
10 13 15
10 13 16
10 13 20
10 13 21
10 13 3
10 13 4
10 13 6
10 14 1
10 14 11
10 14 15
10 14 20
10 14 4
10 14 6
10 15 1
10 16 1
10 16 11
10 16 15
10 16 20
10 16 4
10 16 6
10 17 1
10 17 11
10 17 14
10 17 15
10 17 16
10 17 20
10 17 21
10 17 3
10 17 4
10 17 6
10 18 1
10 18 11
10 18 14
10 18 15
10 18 16
10 18 20
10 18 21
10 18 3
10 18 4
10 18 6
10 19 1
10 19 11
10 19 14
10 19 15
10 19 16
10 19 20
10 19 21
10 19 3
10 19 4
10 19 6
10 20 1
10 21 1
10 21 11
10 21 15
10 21 20
10 21 4
10 21 6
11 12 1
11 12 14
11 12 16
11 12 21
11 12 3
11 13 1
11 14 1
11 15 1
11 15 10
11 15 12
11 15 13
11 15 14
11 15 16
11 15 17
11 15 18
11 15 19
11 15 2
11 15 21
11 15 3
11 15 5
11 15 6
11 15 8
11 15 9
11 16 1
11 17 1
11 18 1
11 19 1
11 20 1
11 20 10
11 20 12
11 20 13
11 20 14
11 20 16
11 20 17
11 20 18
11 20 19
11 20 2
11 20 21
11 20 3
11 20 5
11 20 6
11 20 8
11 20 9
11 21 1
12 13 1
12 13 11
12 13 14
12 13 15
12 13 16
12 13 20
12 13 21
12 13 3
12 13 4
12 14 1
12 15 1
12 15 14
12 15 16
12 15 21
12 15 3
12 16 1
12 17 1
12 17 11
12 17 14
12 17 15
12 17 16
12 17 20
12 17 21
12 17 3
12 17 4
12 18 1
12 18 11
12 18 14
12 18 15
12 18 16
12 18 20
12 18 21
12 18 3
12 18 4
12 19 1
12 19 11
12 19 14
12 19 15
12 19 16
12 19 20
12 19 21
12 19 3
12 19 4
12 20 1
12 20 14
12 20 16
12 20 21
12 20 3
12 21 1
13 14 1
13 14 11
13 14 15
13 14 20
13 14 4
13 15 1
13 16 1
13 16 11
13 16 15
13 16 20
13 16 4
13 17 1
13 17 10
13 17 11
13 17 12
13 17 14
13 17 15
13 17 16
13 17 20
13 17 21
13 17 3
13 17 4
13 17 5
13 17 6
13 17 7
13 17 8
13 17 9
13 18 1
13 18 10
13 18 11
13 18 12
13 18 14
13 18 15
13 18 16
13 18 17
13 18 20
13 18 21
13 18 3
13 18 4
13 18 5
13 18 6
13 18 7
13 18 8
13 18 9
13 19 1
13 19 10
13 19 11
13 19 12
13 19 14
13 19 15
13 19 16
13 19 20
13 19 21
13 19 3
13 19 4
13 19 5
13 19 6
13 19 7
13 19 8
13 19 9
13 20 1
13 21 1
13 21 11
13 21 15
13 21 20
13 21 4
14 15 1
14 16 1
14 16 10
14 16 11
14 16 12
14 16 13
14 16 15
14 16 17
14 16 18
14 16 19
14 16 2
14 16 20
14 16 21
14 16 4
14 16 5
14 16 6
14 16 7
14 16 8
14 16 9
14 17 1
14 17 11
14 17 15
14 17 20
14 17 4
14 18 1
14 18 11
14 18 15
14 18 20
14 18 4
14 19 1
14 19 11
14 19 15
14 19 20
14 19 4
14 20 1
14 21 1
14 21 10
14 21 11
14 21 12
14 21 13
14 21 15
14 21 17
14 21 18
14 21 19
14 21 2
14 21 20
14 21 4
14 21 5
14 21 6
14 21 7
14 21 8
14 21 9
15 16 1
15 17 1
15 18 1
15 19 1
15 20 1
15 20 10
15 20 11
15 20 12
15 20 13
15 20 14
15 20 16
15 20 17
15 20 18
15 20 19
15 20 2
15 20 21
15 20 3
15 20 5
15 20 6
15 20 7
15 20 8
15 20 9
15 21 1
16 17 1
16 17 11
16 17 15
16 17 20
16 17 4
16 18 1
16 18 11
16 18 15
16 18 20
16 18 4
16 19 1
16 19 11
16 19 15
16 19 20
16 19 4
16 20 1
16 21 1
16 21 10
16 21 11
16 21 12
16 21 13
16 21 15
16 21 17
16 21 18
16 21 19
16 21 2
16 21 20
16 21 4
16 21 5
16 21 6
16 21 7
16 21 8
16 21 9
17 18 1
17 18 10
17 18 11
17 18 12
17 18 14
17 18 15
17 18 16
17 18 20
17 18 21
17 18 3
17 18 4
17 18 5
17 18 6
17 18 7
17 18 8
17 18 9
17 19 1
17 19 10
17 19 11
17 19 12
17 19 13
17 19 14
17 19 15
17 19 16
17 19 18
17 19 20
17 19 21
17 19 3
17 19 4
17 19 5
17 19 6
17 19 7
17 19 8
17 19 9
17 20 1
17 21 1
17 21 11
17 21 15
17 21 20
17 21 4
18 19 1
18 19 10
18 19 11
18 19 12
18 19 13
18 19 14
18 19 15
18 19 16
18 19 20
18 19 21
18 19 3
18 19 4
18 19 5
18 19 6
18 19 7
18 19 8
18 19 9
18 20 1
18 21 1
18 21 11
18 21 15
18 21 20
18 21 4
19 20 1
19 21 1
19 21 11
19 21 15
19 21 20
19 21 4
20 21 1
2 10 1
2 10 11
2 10 14
2 10 15
2 10 16
2 10 20
2 10 21
2 10 3
2 10 4
2 10 6
2 11 1
2 12 1
2 12 11
2 12 14
2 12 15
2 12 16
2 12 20
2 12 21
2 12 3
2 12 4
2 13 1
2 13 10
2 13 11
2 13 12
2 13 14
2 13 15
2 13 16
2 13 20
2 13 21
2 13 3
2 13 4
2 13 5
2 13 6
2 13 7
2 13 8
2 13 9
2 14 1
2 14 11
2 14 15
2 14 20
2 14 4
2 15 1
2 16 1
2 16 11
2 16 15
2 16 20
2 16 4
2 17 1
2 17 10
2 17 11
2 17 12
2 17 13
2 17 14
2 17 15
2 17 16
2 17 18
2 17 20
2 17 21
2 17 3
2 17 4
2 17 5
2 17 6
2 17 7
2 17 8
2 17 9
2 18 1
2 18 10
2 18 11
2 18 12
2 18 13
2 18 14
2 18 15
2 18 16
2 18 20
2 18 21
2 18 3
2 18 4
2 18 5
2 18 6
2 18 7
2 18 8
2 18 9
2 19 1
2 19 10
2 19 11
2 19 12
2 19 13
2 19 14
2 19 15
2 19 16
2 19 17
2 19 18
2 19 20
2 19 21
2 19 3
2 19 4
2 19 5
2 19 6
2 19 7
2 19 8
2 19 9
2 20 1
2 21 1
2 21 11
2 21 15
2 21 20
2 21 4
2 3 1
2 3 11
2 3 15
2 3 20
2 3 4
2 4 1
2 5 1
2 5 11
2 5 14
2 5 16
2 5 21
2 5 3
2 6 1
2 6 11
2 6 14
2 6 15
2 6 16
2 6 20
2 6 21
2 6 3
2 6 4
2 6 8
2 7 1
2 7 10
2 7 11
2 7 12
2 7 14
2 7 15
2 7 16
2 7 20
2 7 21
2 7 3
2 7 4
2 7 5
2 7 6
2 7 8
2 7 9
2 8 1
2 8 11
2 8 15
2 8 20
2 8 4
2 9 1
2 9 11
2 9 14
2 9 15
2 9 16
2 9 20
2 9 21
2 9 3
2 9 4
2 9 6
3 10 1
3 10 11
3 10 15
3 10 20
3 10 4
3 10 6
3 11 1
3 12 1
3 13 1
3 13 11
3 13 15
3 13 20
3 13 4
3 14 1
3 14 10
3 14 11
3 14 12
3 14 13
3 14 15
3 14 16
3 14 17
3 14 18
3 14 19
3 14 2
3 14 20
3 14 21
3 14 4
3 14 5
3 14 6
3 14 7
3 14 8
3 14 9
3 15 1
3 16 1
3 16 10
3 16 11
3 16 12
3 16 13
3 16 15
3 16 17
3 16 18
3 16 19
3 16 2
3 16 20
3 16 21
3 16 4
3 16 5
3 16 6
3 16 7
3 16 8
3 16 9
3 17 1
3 17 11
3 17 15
3 17 20
3 17 4
3 18 1
3 18 11
3 18 15
3 18 20
3 18 4
3 19 1
3 19 11
3 19 15
3 19 20
3 19 4
3 20 1
3 21 1
3 21 10
3 21 11
3 21 12
3 21 13
3 21 15
3 21 17
3 21 18
3 21 19
3 21 2
3 21 20
3 21 4
3 21 5
3 21 6
3 21 7
3 21 8
3 21 9
3 4 1
3 5 1
3 6 1
3 7 1
3 8 1
3 8 11
3 8 13
3 8 15
3 8 17
3 8 18
3 8 19
3 8 2
3 8 20
3 8 4
3 8 6
3 8 7
3 9 1
3 9 11
3 9 15
3 9 20
3 9 4
3 9 6
4 10 1
4 11 1
4 11 10
4 11 12
4 11 13
4 11 14
4 11 16
4 11 17
4 11 18
4 11 19
4 11 2
4 11 21
4 11 3
4 11 5
4 11 6
4 11 8
4 11 9
4 12 1
4 12 14
4 12 16
4 12 21
4 12 3
4 13 1
4 14 1
4 15 1
4 15 10
4 15 11
4 15 12
4 15 13
4 15 14
4 15 16
4 15 17
4 15 18
4 15 19
4 15 2
4 15 20
4 15 21
4 15 3
4 15 5
4 15 6
4 15 7
4 15 8
4 15 9
4 16 1
4 17 1
4 18 1
4 19 1
4 20 1
4 20 10
4 20 11
4 20 12
4 20 13
4 20 14
4 20 16
4 20 17
4 20 18
4 20 19
4 20 2
4 20 21
4 20 3
4 20 5
4 20 6
4 20 7
4 20 8
4 20 9
4 21 1
4 5 1
4 5 13
4 5 14
4 5 16
4 5 17
4 5 18
4 5 19
4 5 2
4 5 21
4 5 3
4 6 1
4 6 10
4 6 14
4 6 16
4 6 21
4 6 3
4 6 8
4 6 9
4 7 1
4 7 11
4 7 12
4 7 14
4 7 16
4 7 21
4 7 3
4 7 6
4 7 8
4 8 1
4 9 1
5 10 1
5 10 11
5 10 13
5 10 14
5 10 15
5 10 16
5 10 17
5 10 18
5 10 19
5 10 2
5 10 20
5 10 21
5 10 3
5 10 4
5 10 6
5 11 1
5 11 14
5 11 16
5 11 21
5 11 3
5 12 1
5 12 10
5 12 11
5 12 13
5 12 14
5 12 15
5 12 16
5 12 17
5 12 18
5 12 19
5 12 2
5 12 20
5 12 21
5 12 3
5 12 4
5 12 6
5 12 7
5 12 8
5 12 9
5 13 1
5 13 11
5 13 14
5 13 16
5 13 21
5 13 3
5 14 1
5 15 1
5 15 13
5 15 14
5 15 16
5 15 17
5 15 18
5 15 19
5 15 2
5 15 21
5 15 3
5 16 1
5 17 1
5 17 11
5 17 14
5 17 16
5 17 21
5 17 3
5 18 1
5 18 11
5 18 14
5 18 16
5 18 21
5 18 3
5 19 1
5 19 11
5 19 14
5 19 16
5 19 21
5 19 3
5 20 1
5 20 13
5 20 14
5 20 16
5 20 17
5 20 18
5 20 19
5 20 2
5 20 21
5 20 3
5 21 1
5 6 1
5 6 11
5 6 13
5 6 14
5 6 15
5 6 16
5 6 17
5 6 18
5 6 19
5 6 2
5 6 20
5 6 21
5 6 3
5 6 4
5 7 1
5 7 11
5 7 14
5 7 15
5 7 16
5 7 20
5 7 21
5 7 3
5 7 4
5 7 6
5 7 8
5 8 1
5 8 11
5 8 13
5 8 14
5 8 15
5 8 16
5 8 17
5 8 18
5 8 19
5 8 2
5 8 20
5 8 21
5 8 3
5 8 4
5 8 6
5 9 1
5 9 11
5 9 13
5 9 14
5 9 15
5 9 16
5 9 17
5 9 18
5 9 19
5 9 2
5 9 20
5 9 21
5 9 3
5 9 4
5 9 6
6 10 1
6 11 1
6 11 10
6 11 14
6 11 16
6 11 21
6 11 3
6 11 8
6 11 9
6 12 1
6 12 11
6 12 13
6 12 14
6 12 15
6 12 16
6 12 17
6 12 18
6 12 19
6 12 2
6 12 20
6 12 21
6 12 3
6 12 4
6 13 1
6 13 11
6 13 14
6 13 15
6 13 16
6 13 20
6 13 21
6 13 3
6 13 4
6 13 8
6 14 1
6 15 1
6 15 10
6 15 14
6 15 16
6 15 21
6 15 3
6 15 8
6 15 9
6 16 1
6 17 1
6 17 11
6 17 14
6 17 15
6 17 16
6 17 20
6 17 21
6 17 3
6 17 4
6 17 8
6 18 1
6 18 11
6 18 14
6 18 15
6 18 16
6 18 20
6 18 21
6 18 3
6 18 4
6 18 8
6 19 1
6 19 11
6 19 14
6 19 15
6 19 16
6 19 20
6 19 21
6 19 3
6 19 4
6 19 8
6 20 1
6 20 10
6 20 14
6 20 16
6 20 21
6 20 3
6 20 8
6 20 9
6 21 1
6 7 1
6 7 11
6 7 14
6 7 16
6 7 21
6 7 3
6 7 8
6 8 1
6 9 1
7 10 1
7 10 11
7 10 12
7 10 14
7 10 15
7 10 16
7 10 20
7 10 21
7 10 3
7 10 4
7 10 5
7 10 6
7 11 1
7 11 14
7 11 16
7 11 21
7 11 3
7 11 8
7 12 1
7 12 11
7 12 14
7 12 16
7 12 21
7 12 3
7 12 6
7 12 8
7 13 1
7 13 10
7 13 11
7 13 12
7 13 14
7 13 15
7 13 16
7 13 20
7 13 21
7 13 3
7 13 4
7 13 5
7 13 6
7 13 8
7 13 9
7 14 1
7 15 1
7 15 11
7 15 12
7 15 14
7 15 16
7 15 21
7 15 3
7 15 6
7 15 8
7 16 1
7 17 1
7 17 10
7 17 11
7 17 12
7 17 14
7 17 15
7 17 16
7 17 20
7 17 21
7 17 3
7 17 4
7 17 5
7 17 6
7 17 8
7 17 9
7 18 1
7 18 10
7 18 11
7 18 12
7 18 14
7 18 15
7 18 16
7 18 20
7 18 21
7 18 3
7 18 4
7 18 5
7 18 6
7 18 8
7 18 9
7 19 1
7 19 10
7 19 11
7 19 12
7 19 14
7 19 15
7 19 16
7 19 20
7 19 21
7 19 3
7 19 4
7 19 5
7 19 6
7 19 8
7 19 9
7 20 1
7 20 11
7 20 12
7 20 14
7 20 16
7 20 21
7 20 3
7 20 6
7 20 8
7 21 1
7 8 1
7 9 1
7 9 11
7 9 12
7 9 14
7 9 15
7 9 16
7 9 20
7 9 21
7 9 3
7 9 4
7 9 5
7 9 6
8 10 1
8 10 11
8 10 12
8 10 13
8 10 14
8 10 15
8 10 16
8 10 17
8 10 18
8 10 19
8 10 2
8 10 20
8 10 21
8 10 3
8 10 4
8 10 5
8 10 6
8 10 7
8 11 1
8 12 1
8 12 11
8 12 13
8 12 14
8 12 15
8 12 16
8 12 17
8 12 18
8 12 19
8 12 2
8 12 20
8 12 21
8 12 3
8 12 4
8 12 6
8 13 1
8 13 11
8 13 15
8 13 20
8 13 4
8 14 1
8 14 11
8 14 13
8 14 15
8 14 17
8 14 18
8 14 19
8 14 2
8 14 20
8 14 4
8 14 6
8 14 7
8 15 1
8 16 1
8 16 11
8 16 13
8 16 15
8 16 17
8 16 18
8 16 19
8 16 2
8 16 20
8 16 4
8 16 6
8 16 7
8 17 1
8 17 11
8 17 15
8 17 20
8 17 4
8 18 1
8 18 11
8 18 15
8 18 20
8 18 4
8 19 1
8 19 11
8 19 15
8 19 20
8 19 4
8 20 1
8 21 1
8 21 11
8 21 13
8 21 15
8 21 17
8 21 18
8 21 19
8 21 2
8 21 20
8 21 4
8 21 6
8 21 7
8 9 1
8 9 11
8 9 12
8 9 13
8 9 14
8 9 15
8 9 16
8 9 17
8 9 18
8 9 19
8 9 2
8 9 20
8 9 21
8 9 3
8 9 4
8 9 5
8 9 6
8 9 7
9 10 1
9 10 11
9 10 12
9 10 13
9 10 14
9 10 15
9 10 16
9 10 17
9 10 18
9 10 19
9 10 2
9 10 20
9 10 21
9 10 3
9 10 4
9 10 5
9 10 6
9 10 7
9 10 8
9 11 1
9 12 1
9 12 11
9 12 13
9 12 14
9 12 15
9 12 16
9 12 17
9 12 18
9 12 19
9 12 2
9 12 20
9 12 21
9 12 3
9 12 4
9 12 6
9 13 1
9 13 11
9 13 14
9 13 15
9 13 16
9 13 20
9 13 21
9 13 3
9 13 4
9 13 6
9 14 1
9 14 11
9 14 15
9 14 20
9 14 4
9 14 6
9 15 1
9 16 1
9 16 11
9 16 15
9 16 20
9 16 4
9 16 6
9 17 1
9 17 11
9 17 14
9 17 15
9 17 16
9 17 20
9 17 21
9 17 3
9 17 4
9 17 6
9 18 1
9 18 11
9 18 14
9 18 15
9 18 16
9 18 20
9 18 21
9 18 3
9 18 4
9 18 6
9 19 1
9 19 11
9 19 14
9 19 15
9 19 16
9 19 20
9 19 21
9 19 3
9 19 4
9 19 6
9 20 1
9 21 1
9 21 11
9 21 15
9 21 20
9 21 4
9 21 6
